<?xml version="1.0"?>
<opencv_storage>
<m_transM type_id="opencv-matrix">
  <rows>3</rows>
  <cols>3</cols>
  <dt>d</dt>
  <data>
    1.4456557477059278e+000 -8.7228382689209294e-002
    -1.2717320819498920e+002 3.0303298013204888e-002
    -1.5304323808916942e+000 6.3258976829019879e+001
    -1.7768540414412194e-004 -8.9144319597778132e-005 1.</data></m_transM>
</opencv_storage>
